0 18
1 15
2 9
3 20
4 22
5 20
6 6
7 20
8 7
9 11
10 9
11 0
12 6
13 6
14 20
15 22
16 16
17 9
18 21
19 5
20 4
21 11
22 4
23 15
24 12
25 23
26 22
27 1
28 11
29 7
30 13
31 4
32 7
33 7
34 15
35 20
36 4
37 11
38 3
39 3
40 23
41 11
42 11
43 12
44 13
45 0
46 20
47 11
48 2
49 12
50 7
51 3
52 0
53 21
54 8
55 10
56 3
57 11
58 8
59 6
60 13
61 20
62 18
63 2
64 11
65 11
66 7
67 4
68 21
69 11
70 2
71 3
72 4
73 11
74 9
75 11
76 15
77 22
78 22
79 11
80 5
81 6
82 22
83 15
84 0
85 11
86 7
87 6
88 22
89 4
90 2
91 11
92 11
93 11
94 20
95 13
96 20
97 3
98 7
99 11
100 2
101 20
102 3
103 23
104 3
105 11
106 6
107 7
108 22
109 23
110 0
111 7
112 7
113 12
114 4
115 1
116 1
117 11
118 8
119 16
120 16
121 7
122 7
123 6
124 11
125 11
