0 18
1 18
2 15
3 16
4 12
5 12
6 9
7 20
8 6
9 8
10 22
11 20
12 15
13 6
14 20
15 1
16 19
17 19
18 20
19 19
20 11
21 7
22 14
23 11
24 8
25 7
26 9
27 2
28 7
29 16
30 15
31 0
32 5
33 6
34 6
35 15
36 20
37 20
38 2
39 2
40 8
41 5
42 1
43 22
44 20
45 20
46 16
47 16
48 21
49 9
50 21
51 5
52 4
53 15
54 11
55 4
56 2
57 12
58 15
59 12
60 23
61 16
62 22
63 1
64 11
65 7
66 13
67 4
68 7
69 7
70 1
71 17
72 13
73 15
74 14
75 15
76 20
77 4
78 5
79 4
80 7
81 11
82 3
83 15
84 3
85 2
86 23
87 15
88 2
89 4
90 1
91 11
92 11
93 5
94 7
95 12
96 7
97 20
98 13
99 0
100 20
101 8
102 8
103 11
104 15
105 15
106 8
107 2
108 8
109 4
110 12
111 7
112 8
113 12
114 7
115 16
116 3
117 0
118 4
119 2
120 7
121 21
122 19
123 8
124 10
125 3
126 10
127 1
128 1
129 11
130 8
131 1
132 6
133 21
134 13
135 5
136 20
137 8
138 13
139 2
140 4
141 11
142 18
143 2
144 17
145 19
146 19
147 11
148 1
149 18
150 5
151 7
152 10
153 1
154 21
155 14
156 5
157 2
158 1
159 11
160 20
161 4
162 8
163 10
164 7
165 7
166 4
167 21
168 8
169 4
170 10
171 1
172 14
173 17
174 11
175 2
176 3
177 5
178 7
179 15
180 15
181 10
182 4
183 12
184 4
185 4
186 11
187 14
188 9
189 16
190 14
191 11
192 8
193 8
194 15
195 22
196 20
197 2
198 8
199 14
200 17
201 3
202 22
203 4
204 0
205 15
206 20
207 21
208 11
209 2
210 15
211 18
212 0
213 20
214 5
215 6
216 22
217 15
218 0
219 13
220 16
221 7
222 11
223 7
224 6
225 5
226 20
227 16
228 1
229 1
230 5
231 7
232 22
233 4
234 2
235 11
236 11
237 4
238 14
239 14
240 20
241 4
242 11
243 20
244 14
245 16
246 2
247 23
248 5
249 20
250 13
251 16
252 15
253 3
254 20
255 3
256 7
257 3
258 11
259 2
260 2
261 20
262 7
263 20
264 8
265 1
266 7
267 8
268 3
269 3
270 19
271 14
272 12
273 19
274 2
275 23
276 3
277 10
278 4
279 1
280 17
281 11
282 7
283 14
284 5
285 4
286 20
287 20
288 12
289 7
290 6
291 7
292 22
293 23
294 7
295 14
296 0
297 2
298 7
299 20
300 20
301 7
302 7
303 12
304 4
305 4
306 19
307 1
308 1
309 1
310 12
311 11
312 4
313 8
314 7
315 8
316 7
317 7
318 14
319 16
320 12
321 16
322 21
323 17
324 13
325 16
326 13
327 2
328 7
329 2
330 16
331 7
332 13
333 4
334 6
335 1
336 11
337 20
338 1
339 10
340 7
341 2
342 19
343 11
344 17
